# R script for Peak Model
#  -- generated by MACS
p <- c(0.0669621504416,0.086094193425,0.0924715410861,0.102037562578,0.108414910239,0.105226236408,0.0924715410861,0.0956602149166,0.0924715410861,0.086094193425,0.0924715410861,0.0765281719333,0.0765281719333,0.0765281719333,0.0797168457638,0.0797168457638,0.0924715410861,0.086094193425,0.0829055195944,0.086094193425,0.0829055195944,0.0924715410861,0.0892828672555,0.0829055195944,0.0797168457638,0.0733394981027,0.0637734766111,0.0701508242722,0.0701508242722,0.0733394981027,0.0605848027805,0.0510187812889,0.0605848027805,0.0637734766111,0.0605848027805,0.0605848027805,0.0637734766111,0.0637734766111,0.0797168457638,0.0733394981027,0.0765281719333,0.0733394981027,0.0637734766111,0.0605848027805,0.0669621504416,0.0669621504416,0.0701508242722,0.0605848027805,0.0510187812889,0.0478301074583,0.0478301074583,0.0510187812889,0.05739612895,0.0669621504416,0.0605848027805,0.0542074551194,0.0542074551194,0.05739612895,0.0542074551194,0.05739612895,0.0510187812889,0.0542074551194,0.0542074551194,0.0478301074583,0.0510187812889,0.0605848027805,0.05739612895,0.0637734766111,0.0605848027805,0.0637734766111,0.0765281719333,0.0797168457638,0.0765281719333,0.0765281719333,0.0797168457638,0.0829055195944,0.0797168457638,0.0765281719333,0.0797168457638,0.086094193425,0.0765281719333,0.0733394981027,0.0701508242722,0.0797168457638,0.0797168457638,0.0797168457638,0.086094193425,0.0924715410861,0.0892828672555,0.0892828672555,0.0924715410861,0.0892828672555,0.0988488887472,0.0829055195944,0.0733394981027,0.0701508242722,0.0733394981027,0.0669621504416,0.0733394981027,0.0605848027805,0.0637734766111,0.0733394981027,0.0669621504416,0.0733394981027,0.0765281719333,0.0765281719333,0.0765281719333,0.0701508242722,0.0765281719333,0.0829055195944,0.0765281719333,0.0701508242722,0.0733394981027,0.0733394981027,0.086094193425,0.0829055195944,0.0765281719333,0.0797168457638,0.0669621504416,0.0669621504416,0.0701508242722,0.0637734766111,0.0637734766111,0.05739612895,0.0446414336278,0.0542074551194,0.0510187812889,0.0605848027805,0.0637734766111,0.0637734766111,0.0669621504416,0.0829055195944,0.0797168457638,0.086094193425,0.086094193425,0.0829055195944,0.0829055195944,0.0733394981027,0.0733394981027,0.0669621504416,0.0701508242722,0.0637734766111,0.0637734766111,0.0605848027805,0.0669621504416,0.05739612895,0.0637734766111,0.0733394981027,0.0669621504416,0.0765281719333,0.0701508242722,0.0669621504416,0.0605848027805,0.0637734766111,0.0605848027805,0.0637734766111,0.05739612895,0.0510187812889,0.0605848027805,0.0542074551194,0.0542074551194,0.0542074551194,0.0637734766111,0.0765281719333,0.0765281719333,0.0797168457638,0.0797168457638,0.0797168457638,0.0829055195944,0.0829055195944,0.0797168457638,0.0924715410861,0.086094193425,0.0829055195944,0.0765281719333,0.0829055195944,0.086094193425,0.0829055195944,0.0797168457638,0.0829055195944,0.0829055195944,0.0669621504416,0.0733394981027,0.0605848027805,0.0605848027805,0.0510187812889,0.0478301074583,0.0510187812889,0.0478301074583,0.0478301074583,0.0446414336278,0.0510187812889,0.0414527597972,0.0510187812889,0.0542074551194,0.0542074551194,0.0637734766111,0.0669621504416,0.0669621504416,0.0637734766111,0.0701508242722,0.0637734766111,0.0637734766111,0.0542074551194,0.0605848027805,0.0542074551194,0.0510187812889,0.0510187812889,0.0542074551194,0.0510187812889,0.0542074551194,0.0510187812889,0.0637734766111,0.0605848027805,0.0542074551194,0.0542074551194,0.0510187812889,0.0414527597972,0.0350754121361,0.0350754121361,0.0255093906444,0.0255093906444,0.0191320429833,0.028698064475,0.0318867383055,0.0318867383055,0.0255093906444,0.0255093906444,0.028698064475,0.0318867383055,0.0350754121361,0.0350754121361,0.0350754121361,0.0318867383055,0.028698064475,0.0382640859666,0.0414527597972,0.0446414336278,0.0510187812889,0.0478301074583,0.0478301074583,0.0510187812889,0.0542074551194,0.0510187812889,0.0510187812889,0.0414527597972,0.0446414336278,0.0414527597972,0.0318867383055,0.0414527597972,0.0446414336278,0.0478301074583,0.0382640859666,0.0382640859666,0.0414527597972,0.0446414336278,0.0414527597972,0.0478301074583,0.0478301074583,0.0382640859666,0.0350754121361,0.028698064475,0.0414527597972,0.0478301074583,0.0414527597972,0.0478301074583,0.0510187812889,0.0478301074583,0.0446414336278,0.0478301074583,0.0478301074583,0.05739612895,0.0478301074583,0.0382640859666,0.0446414336278,0.0350754121361,0.028698064475,0.0255093906444,0.0255093906444,0.0318867383055,0.0350754121361,0.0318867383055,0.0318867383055,0.0318867383055,0.028698064475,0.028698064475,0.0318867383055,0.0382640859666,0.0414527597972,0.0350754121361,0.028698064475,0.0255093906444,0.0223207168139,0.0255093906444,0.0318867383055,0.0382640859666,0.0382640859666,0.0382640859666,0.0350754121361,0.0318867383055,0.0478301074583,0.0701508242722,0.0988488887472,0.11798093173,0.1147922579,0.127546953222,0.149867670036,0.159433691528,0.188131756003,0.210452472817,0.226395841969,0.210452472817,0.210452472817,0.207263798986,0.210452472817,0.207263798986,0.204075125155,0.200886451325,0.184943082172,0.181754408342,0.162622365358,0.194509103664,0.181754408342,0.181754408342,0.181754408342,0.204075125155,0.204075125155,0.216829820478,0.235961863461,0.242339211122,0.264659927936,0.239150537292,0.242339211122,0.242339211122,0.258282580275,0.251905232614,0.235961863461,0.2295845158,0.216829820478,0.194509103664,0.168999713019,0.188131756003,0.194509103664,0.194509103664,0.184943082172,0.17218838685,0.17218838685,0.165811039189,0.178565734511,0.181754408342,0.197697777494,0.181754408342,0.178565734511,0.181754408342,0.184943082172,0.17218838685,0.181754408342,0.204075125155,0.191320429833,0.207263798986,0.207263798986,0.200886451325,0.184943082172,0.194509103664,0.204075125155,0.23277318963,0.2295845158,0.216829820478,0.220018494308,0.213641146647,0.216829820478,0.220018494308,0.226395841969,0.204075125155,0.188131756003,0.168999713019,0.162622365358,0.159433691528,0.140301648544,0.143490322375,0.140301648544,0.143490322375,0.153056343867,0.165811039189,0.178565734511,0.168999713019,0.181754408342,0.184943082172,0.204075125155,0.204075125155,0.204075125155,0.207263798986,0.204075125155,0.213641146647,0.207263798986,0.210452472817,0.210452472817,0.210452472817,0.207263798986,0.207263798986,0.200886451325,0.194509103664,0.197697777494,0.191320429833,0.191320429833,0.204075125155,0.194509103664,0.216829820478,0.216829820478,0.207263798986,0.210452472817,0.216829820478,0.216829820478,0.197697777494,0.191320429833,0.188131756003,0.191320429833,0.181754408342,0.184943082172,0.210452472817,0.210452472817,0.207263798986,0.213641146647,0.235961863461,0.239150537292,0.242339211122,0.242339211122,0.223207168139,0.23277318963,0.226395841969,0.23277318963,0.235961863461,0.216829820478,0.204075125155,0.223207168139,0.23277318963,0.235961863461,0.245527884953,0.223207168139,0.207263798986,0.197697777494,0.188131756003,0.197697777494,0.197697777494,0.178565734511,0.17537706068,0.168999713019,0.156245017697,0.168999713019,0.17218838685,0.165811039189,0.165811039189,0.159433691528,0.165811039189,0.168999713019,0.162622365358,0.162622365358,0.191320429833,0.197697777494,0.210452472817,0.207263798986,0.226395841969,0.216829820478,0.216829820478,0.216829820478,0.216829820478,0.242339211122,0.220018494308,0.213641146647,0.207263798986,0.207263798986,0.191320429833,0.226395841969,0.220018494308,0.220018494308,0.226395841969,0.220018494308,0.216829820478,0.226395841969,0.213641146647,0.239150537292,0.23277318963,0.200886451325,0.204075125155,0.204075125155,0.200886451325,0.184943082172,0.194509103664,0.197697777494,0.207263798986,0.197697777494,0.213641146647,0.2295845158,0.2295845158,0.239150537292,0.23277318963,0.242339211122,0.23277318963,0.226395841969,0.213641146647,0.213641146647,0.200886451325,0.200886451325,0.207263798986,0.210452472817,0.223207168139,0.2295845158,0.226395841969,0.235961863461,0.255093906444,0.255093906444,0.264659927936,0.248716558783,