# R script for Peak Model
#  -- generated by MACS
p <- c(0.0550932235335,0.0695914402528,0.0898889436599,0.104387160379,0.107286803723,0.104387160379,0.101487517035,0.0985878736915,0.107286803723,0.107286803723,0.0985878736915,0.0869893003161,0.0724910835967,0.066691796909,0.066691796909,0.0753907269406,0.0695914402528,0.0782903702845,0.0753907269406,0.0724910835967,0.0840896569722,0.0840896569722,0.0869893003161,0.0898889436599,0.0985878736915,0.0898889436599,0.0869893003161,0.0753907269406,0.0637921535651,0.066691796909,0.0637921535651,0.0695914402528,0.0753907269406,0.0724910835967,0.0637921535651,0.066691796909,0.066691796909,0.0724910835967,0.0724910835967,0.066691796909,0.066691796909,0.066691796909,0.0579928668774,0.0579928668774,0.0550932235335,0.0521935801896,0.0579928668774,0.0521935801896,0.0608925102212,0.0695914402528,0.0637921535651,0.0608925102212,0.0724910835967,0.0753907269406,0.0782903702845,0.0869893003161,0.0811900136283,0.0985878736915,0.0927885870038,0.0898889436599,0.0869893003161,0.0869893003161,0.0695914402528,0.0608925102212,0.0782903702845,0.0753907269406,0.0840896569722,0.0695914402528,0.066691796909,0.066691796909,0.0724910835967,0.0724910835967,0.0782903702845,0.0782903702845,0.0579928668774,0.0521935801896,0.0550932235335,0.0550932235335,0.0550932235335,0.0521935801896,0.0463942935019,0.0492939368458,0.0579928668774,0.0608925102212,0.0753907269406,0.0753907269406,0.0753907269406,0.0724910835967,0.0753907269406,0.0782903702845,0.0753907269406,0.0811900136283,0.0753907269406,0.0782903702845,0.0695914402528,0.0695914402528,0.0637921535651,0.0637921535651,0.0579928668774,0.0579928668774,0.066691796909,0.0579928668774,0.0550932235335,0.0579928668774,0.0550932235335,0.0579928668774,0.0608925102212,0.0608925102212,0.0608925102212,0.0608925102212,0.0579928668774,0.0637921535651,0.0637921535651,0.0579928668774,0.0579928668774,0.0550932235335,0.043494650158,0.0521935801896,0.0608925102212,0.0695914402528,0.066691796909,0.0579928668774,0.0550932235335,0.0550932235335,0.0521935801896,0.0550932235335,0.0550932235335,0.0521935801896,0.043494650158,0.0289964334387,0.0289964334387,0.0347957201264,0.0347957201264,0.0405950068142,0.043494650158,0.0463942935019,0.0463942935019,0.043494650158,0.0463942935019,0.0492939368458,0.0492939368458,0.0463942935019,0.0521935801896,0.0463942935019,0.0550932235335,0.0521935801896,0.0550932235335,0.0550932235335,0.0753907269406,0.0753907269406,0.0753907269406,0.0753907269406,0.0753907269406,0.0753907269406,0.0695914402528,0.0637921535651,0.066691796909,0.066691796909,0.0463942935019,0.0463942935019,0.043494650158,0.0405950068142,0.0376953634703,0.0376953634703,0.0347957201264,0.0405950068142,0.0376953634703,0.0318960767826,0.0347957201264,0.0318960767826,0.0405950068142,0.0463942935019,0.0463942935019,0.0405950068142,0.0405950068142,0.0376953634703,0.0376953634703,0.0463942935019,0.0521935801896,0.0521935801896,0.0492939368458,0.0463942935019,0.0463942935019,0.0550932235335,0.0550932235335,0.0579928668774,0.0695914402528,0.0724910835967,0.0637921535651,0.066691796909,0.066691796909,0.066691796909,0.0608925102212,0.0521935801896,0.0521935801896,0.0521935801896,0.043494650158,0.0347957201264,0.0405950068142,0.0405950068142,0.0347957201264,0.0347957201264,0.0347957201264,0.0376953634703,0.0463942935019,0.043494650158,0.0405950068142,0.0405950068142,0.0347957201264,0.0318960767826,0.0318960767826,0.0289964334387,0.0289964334387,0.0289964334387,0.0231971467509,0.0260967900948,0.0347957201264,0.0347957201264,0.0318960767826,0.0376953634703,0.0405950068142,0.0376953634703,0.0376953634703,0.0405950068142,0.043494650158,0.0405950068142,0.0376953634703,0.0347957201264,0.0405950068142,0.0463942935019,0.0463942935019,0.0521935801896,0.0550932235335,0.0579928668774,0.0521935801896,0.0521935801896,0.0492939368458,0.0550932235335,0.0579928668774,0.0579928668774,0.0550932235335,0.0550932235335,0.0550932235335,0.0463942935019,0.0463942935019,0.0521935801896,0.0492939368458,0.043494650158,0.0347957201264,0.0231971467509,0.0231971467509,0.0202975034071,0.0260967900948,0.0289964334387,0.0318960767826,0.0318960767826,0.0376953634703,0.0463942935019,0.0579928668774,0.0608925102212,0.0637921535651,0.0637921535651,0.0608925102212,0.0608925102212,0.0550932235335,0.0463942935019,0.0521935801896,0.0463942935019,0.0405950068142,0.0405950068142,0.0405950068142,0.0405950068142,0.0463942935019,0.0463942935019,0.0463942935019,0.0550932235335,0.043494650158,0.043494650158,0.0405950068142,0.0405950068142,0.0405950068142,0.0376953634703,0.0289964334387,0.0289964334387,0.0318960767826,0.0260967900948,0.0260967900948,0.0231971467509,0.0202975034071,0.0202975034071,0.0260967900948,0.0318960767826,0.0318960767826,0.0347957201264,0.0347957201264,0.0347957201264,0.043494650158,0.0463942935019,0.0492939368458,0.0492939368458,0.0492939368458,0.0695914402528,0.0927885870038,0.104387160379,0.124684663786,0.133383593818,0.136283237162,0.156580740569,0.182677530664,0.188476817351,0.208774320759,0.205874677415,0.208774320759,0.211673964102,0.202975034071,0.214573607446,0.229071824166,0.220372894134,0.208774320759,0.226172180822,0.208774320759,0.202975034071,0.194276104039,0.194276104039,0.208774320759,0.202975034071,0.188476817351,0.197175747383,0.191376460695,0.197175747383,0.21747325079,0.223272537478,0.220372894134,0.21747325079,0.214573607446,0.223272537478,0.231971467509,0.220372894134,0.226172180822,0.21747325079,0.202975034071,0.211673964102,0.205874677415,0.202975034071,0.191376460695,0.197175747383,0.191376460695,0.194276104039,0.200075390727,0.202975034071,0.191376460695,0.171078957288,0.168179313944,0.171078957288,0.182677530664,0.165279670601,0.173978600632,0.176878243976,0.168179313944,0.165279670601,0.188476817351,0.208774320759,0.223272537478,0.229071824166,0.220372894134,0.237770754197,0.21747325079,0.223272537478,0.237770754197,0.237770754197,0.237770754197,0.237770754197,0.234871110853,0.220372894134,0.229071824166,0.223272537478,0.240670397541,0.237770754197,0.220372894134,0.211673964102,0.208774320759,0.197175747383,0.194276104039,0.200075390727,0.194276104039,0.197175747383,0.197175747383,0.200075390727,0.202975034071,0.214573607446,0.197175747383,0.194276104039,0.194276104039,0.202975034071,0.205874677415,0.182677530664,0.171078957288,0.153681097225,0.168179313944,0.159480383913,0.168179313944,0.173978600632,0.17977788732,0.173978600632,0.171078957288,0.185577174008,0.194276104039,0.205874677415,0.205874677415,0.202975034071,0.200075390727,0.194276104039,0.176878243976,0.194276104039,0.191376460695,0.200075390727,0.188476817351,0.202975034071,0.191376460695,0.200075390727,0.202975034071,0.211673964102,0.223272537478,0.211673964102,0.200075390727,0.182677530664,0.182677530664,0.194276104039,0.214573607446,0.205874677415,0.202975034071,0.194276104039,0.197175747383,0.197175747383,0.202975034071,0.191376460695,0.223272537478,0.200075390727,0.185577174008,0.200075390727,0.202975034071,0.205874677415,0.21747325079,0.211673964102,0.211673964102,0.21747325079,0.208774320759,0.211673964102,0.208774320759,0.197175747383,0.202975034071,0.194276104039,0.188476817351,0.194276104039,0.226172180822,0.25516861426,0.231971467509,0.237770754197,0.240670397541,0.240670397541,0.240670397541,0.240670397541,0.243570040885,0.229071824166,0.205874677415,0.205874677415,0.21747325079,0.21747325079,0.214573607446,0.229071824166,0.226172180822,0.249369327573,0.240670397541,0.246469684229,0.237770754197,0.223272537478,0.231971467509,0.234871110853,0.243570040885,0.229071824166,0.226172180822,0.226172180822,0.249369327573,0.275466117668,0.292863977731,0.292863977731,0.284165047699,0.275466117668,0.295763621075,0.295763621075,0.287064691043,0.281265404355,0.260967900948,0.243570040885,0.240670397541,0.229071824166,0.234871110853,0.237770754197,0.223272537478,0.237770754197,0.275466117668,0.26966683098,0.26966683098,0.278365761011,0.281265404355,0.301562907762,0.310261837794,0.301562907762,0.301562907762,0.295763621075,0.278365761011,0.284165047699,